0:   0.008175462 0.9786472 -0.5548934 0.004924774
0:   0.01359286 0.9789791 -0.5584205 0.1052208
0:   0.01518242 0.9797428 -0.5627746 0.2059135
0:   0.01304866 0.9789513 -0.5659943 0.3163757
0:   0.02418525 0.9777962 -0.5721107 0.4164543
0:   0.04317671 0.9706603 -0.5694292 0.5275898
0:   0.04905431 0.9584988 -0.5640974 0.6277695
0:   0.05221599 0.9480447 -0.5607017 0.7279205
0:   0.05427101 0.9401114 -0.5552166 0.828167
0:   0.05204936 0.9345324 -0.5567102 0.9389915
0:   0.05306554 0.9284995 -0.5607746 1.049959
0:   0.05654296 0.9258746 -0.5703421 1.161211
0:   0.06063472 0.9249737 -0.579894 1.262375
0:   0.06498812 0.9241008 -0.5934918 1.372349
0:   0.068629 0.9219186 -0.6087754 1.472887
0:   0.07446948 0.9173138 -0.6242881 1.58346
0:   0.08542494 0.9110249 -0.6349773 1.694836
0:   0.09766768 0.9034455 -0.6454372 1.805784
0:   0.1092673 0.8952645 -0.6564112 1.917006
0:   0.1201159 0.8838693 -0.6587841 2.017466
0:   0.1416621 0.8823202 -0.6630199 2.128307
0:   0.1610815 0.8840056 -0.6704121 2.228458
0:   0.1756947 0.884683 -0.6779471 2.328459
0:   0.1851205 0.8860126 -0.685184 2.42868
0:   0.1872967 0.8874589 -0.6959084 2.539543
0:   0.1872162 0.8897197 -0.7065042 2.650585
0:   0.1869031 0.8929808 -0.7160398 2.750723
0:   0.1866885 0.8984649 -0.7238913 2.861698
0:   0.188224 0.9059484 -0.7298193 2.971516
0:   0.1896195 0.9124539 -0.733147 3.082611
0:   0.1906313 0.9161462 -0.7355286 3.182705
0:   0.1906047 0.9172741 -0.7376152 3.283386
0:   0.1927766 0.9167371 -0.7355383 3.393877
0:   0.1953285 0.9161217 -0.7312958 3.493996
0:   0.1943149 0.9159142 -0.7280289 3.604958
0:   0.1890181 0.9183282 -0.722579 3.70516
0:   0.1849172 0.9273758 -0.7119522 3.816233
0:   0.1841817 0.9358978 -0.7136584 3.916315
0:   0.1843532 0.941509 -0.7159669 4.016455
0:   0.1886764 0.9424427 -0.7206551 4.127565
0:   0.1905459 0.9405873 -0.7247904 4.22761
0:   0.1931128 0.9367608 -0.7308493 4.328154
0:   0.1971964 0.9295563 -0.7298917 4.438622
0:   0.1980209 0.9237275 -0.7313478 4.538683
0:   0.1960056 0.9203359 -0.7303522 4.639053
0:   0.1971511 0.9185851 -0.7317271 4.751085
0:   0.201259 0.9168582 -0.735752 4.861147
0:   0.2027965 0.9139198 -0.7364401 4.962173
0:   0.2028382 0.9106073 -0.7352994 5.072281
0:   0.2039283 0.9105713 -0.7360743 5.172405
0:   0.2072198 0.9098761 -0.7377959 5.283348
0:   0.2067192 0.9072909 -0.7361678 5.384226
0:   0.192076 0.909501 -0.7143545 5.494699
0:   0.1684965 0.9419149 -0.6913523 5.605591
0:   0.1612693 0.9781574 -0.6995758 5.716425
0:   0.1654184 0.9936042 -0.7152172 5.827168
0:   0.1701986 0.9996367 -0.7234767 5.927227
0:   0.1735966 0.9983655 -0.7298984 6.037811
0:   0.1703562 0.992449 -0.7286091 6.138113
0:   0.1645208 0.9839208 -0.7281191 6.248911
0:   0.1599436 0.9763293 -0.7261394 6.36018
0:   0.1542556 0.97032 -0.729046 6.460606
0:   0.1593625 0.9603531 -0.7311682 6.57094
0:   0.1786389 0.9417984 -0.7385545 6.682123
0:   0.186303 0.9196845 -0.7386614 6.793047
0:   0.1832966 0.902424 -0.7324234 6.89328
0:   0.1716052 0.8879708 -0.7166294 7.004105
0:   0.1527211 0.8794249 -0.6963917 7.115301
0:   0.1265598 0.8779436 -0.6772152 7.226503
0:   0.09635195 0.8803166 -0.6644884 7.32679
0:   0.05698463 0.8827552 -0.6511569 7.437542
0:   0.01971028 0.8817897 -0.641235 7.537985
0:   -0.01704057 0.8771213 -0.6318691 7.648663
0:   -0.04169735 0.8734429 -0.6267984 7.748728
0:   -0.05695821 0.8710632 -0.6240019 7.849398
0:   -0.06251197 0.8694203 -0.621767 7.959852
0:   -0.05914775 0.8700917 -0.6228173 8.060053
0:   -0.04379433 0.8764135 -0.6292993 8.171066
0:   -0.01848455 0.8849385 -0.6337163 8.271898
0:   0.01386695 0.8938535 -0.6388998 8.382139
0:   0.04055388 0.9010782 -0.6461267 8.483072
0:   0.06899959 0.9083886 -0.6606867 8.593231
0:   0.09547991 0.9119787 -0.6751624 8.704136
0:   0.1176968 0.9136627 -0.6877837 8.804178
0:   0.1363004 0.9165177 -0.7033803 8.916153
0:   0.1547823 0.9195118 -0.7146952 9.026178
0:   0.1618437 0.923241 -0.7226883 9.137089
0:   0.1643391 0.9259185 -0.7305262 9.237188
0:   0.1636588 0.9230574 -0.7310425 9.348326
0:   0.1639441 0.9190218 -0.7318832 9.45916
0:   0.1668113 0.9165959 -0.7309611 9.559172
0:   0.169349 0.9157294 -0.7301422 9.659567
0:   0.1720179 0.9165593 -0.7294075 9.770164
0:   0.1733967 0.9164772 -0.7327015 9.881287
0:   0.1710658 0.9158585 -0.7365509 9.992363
0:   0.1672796 0.9168394 -0.7409775 10.09259
0:   0.1660475 0.9185987 -0.7466872 10.19264
0:   0.1637782 0.9197068 -0.7546395 10.30349
0:   0.1618119 0.918618 -0.76053 10.41465
0:   0.1545883 0.9159299 -0.7656032 10.51468
0:   0.1434033 0.9135015 -0.7727831 10.62656
0:   0.1336492 0.9120539 -0.7803084 10.73684
0:   0.1284336 0.9113638 -0.783856 10.83686
0:   0.1255824 0.9112229 -0.7856328 10.93711
0:   0.1242045 0.9110607 -0.7860337 11.04807
0:   0.1241689 0.9108202 -0.7831489 11.14901
0:   0.124232 0.9124805 -0.780959 11.39492
0:   0.1274629 0.9137598 -0.7821566 11.50393
0:   0.1301494 0.9134165 -0.7834224 11.6158
0:   0.1309312 0.9128932 -0.7835492 11.72633
0:   0.1314378 0.9129685 -0.7825773 11.82645
0:   0.1315976 0.9132279 -0.7810912 11.92653
0:   0.1320157 0.9138222 -0.7802274 12.03743
0:   0.1333199 0.9143466 -0.7798036 12.13748
0:   0.1338928 0.9145232 -0.780073 12.24899
0:   0.1333101 0.9146689 -0.7810192 12.34908
0:   0.1306949 0.9149811 -0.7827436 12.45984
0:   0.1209322 0.9157343 -0.786831 12.57076
0:   0.1150227 0.916638 -0.7885261 12.67088
0:   0.1167304 0.9175428 -0.7860581 12.7821
0:   0.1210459 0.9185818 -0.7824994 12.89299
0:   0.1247013 0.9193573 -0.7803727 13.00391
0:   0.1293463 0.9192414 -0.7794484 13.11489
0:   0.1288599 0.9184188 -0.7797247 13.22603
0:   0.1286415 0.9174316 -0.7811062 13.33683
0:   0.1288524 0.9166399 -0.7832128 13.43699
0:   0.1305806 0.915599 -0.7837775 13.54806
0:   0.1311129 0.9146549 -0.7830576 13.659
0:   0.1269833 0.9140754 -0.7811188 13.77021
0:   0.1286528 0.9143406 -0.7780206 13.88132
0:   0.1322372 0.9153284 -0.7781124 13.99256
0:   0.1369762 0.9161304 -0.777598 14.09443
0:   0.1389905 0.9171554 -0.7772808 14.20349
0:   0.1418179 0.9179276 -0.7783813 14.30399
0:   0.1473943 0.9179337 -0.7792839 14.41465
0:   0.1506155 0.9176826 -0.7765132 14.52572
0:   0.1517216 0.9182369 -0.7727509 14.62595
0:   0.1541142 0.9198269 -0.7687345 14.73695
0:   0.1604439 0.9210691 -0.7643766 14.84804
0:   0.1695519 0.9211818 -0.7587907 14.94807
0:   0.1788627 0.9213245 -0.7520429 15.05081
0:   0.1888168 0.9219755 -0.7427459 15.16221
0:   0.2002674 0.9219959 -0.7304691 15.26239
0:   0.2100647 0.920531 -0.7145451 15.37318
0:   0.2158889 0.91916 -0.6992471 15.48463
0:   0.2227035 0.9184674 -0.6839489 15.58544
0:   0.2301189 0.9184808 -0.6656704 15.69529
0:   0.2340965 0.9190229 -0.6483188 15.79542
0:   0.2359546 0.9198903 -0.6326932 15.89547
0:   0.2360527 0.9204937 -0.6204476 16.00293
0:   0.2353677 0.9211305 -0.6120507 16.1031
0:   0.2349067 0.9214011 -0.6089891 16.20315
0:   0.2356038 0.9208268 -0.6085067 16.30342
0:   0.2363348 0.91982 -0.6112682 16.41452
0:   0.237174 0.9195163 -0.6200559 16.51459
0:   0.236604 0.9196292 -0.6343732 16.61467
0:   0.2334888 0.9196461 -0.6541941 16.72567
0:   0.2263993 0.9193772 -0.6761017 16.82615
0:   0.2112617 0.9188167 -0.7028597 16.93788
0:   0.1870665 0.9189301 -0.7292345 17.04816
0:   0.1568922 0.9200727 -0.7500078 17.15932
0:   0.1258156 0.920796 -0.7651754 17.27031
0:   0.1001911 0.9203161 -0.775105 17.37043
0:   0.0728395 0.9190327 -0.782931 17.4707
0:   0.04246533 0.9176044 -0.7861149 17.58171
0:   0.0108483 0.9171063 -0.7828537 17.69278
0:   -0.01293995 0.9171294 -0.775911 17.79288
0:   -0.03437643 0.9167018 -0.7678452 17.89316
0:   -0.0540542 0.9157683 -0.7584162 17.99342
0:   -0.07363353 0.9150757 -0.7455646 18.10416
0:   -0.08909702 0.9152263 -0.7317014 18.21528
0:   -0.100385 0.9150096 -0.7200648 18.32655
0:   -0.1086438 0.9141071 -0.7108111 18.42662
0:   -0.1161182 0.9130397 -0.7010598 18.53767
0:   -0.121382 0.9121307 -0.6934906 18.63782
0:   -0.1256255 0.9109691 -0.6865793 18.74895
0:   -0.1299161 0.9100342 -0.6811509 18.86012
0:   -0.1329492 0.909339 -0.6794959 18.96018
0:   -0.1343771 0.9088917 -0.6794729 19.06033
0:   -0.1337128 0.9086725 -0.6816325 19.16043
0:   -0.1330076 0.9090172 -0.6858337 19.27127
0:   -0.1319398 0.9089804 -0.6907516 19.37139
0:   -0.1306996 0.9084822 -0.6971669 19.47152
0:   -0.1283702 0.9081204 -0.7039707 19.58386
0:   -0.125968 0.9083048 -0.7101956 19.69384
0:   -0.1228898 0.9088207 -0.7174403 19.79389
0:   -0.1167483 0.9095315 -0.7254255 19.89414
0:   -0.1091281 0.9110123 -0.7335891 20.00506
0:   -0.09778253 0.9125198 -0.7419499 20.11633
0:   -0.0863906 0.913081 -0.7485018 20.21635
0:   -0.07044554 0.9122971 -0.7598878 20.32726
0:   -0.05515155 0.911694 -0.7705821 20.42779
0:   -0.03606742 0.9122918 -0.7824136 20.53819
0:   -0.01497333 0.9135797 -0.7923824 20.64915
0:   0.006980259 0.9150267 -0.7993038 20.76037
0:   0.02981964 0.9163308 -0.8022904 20.87157
0:   0.05285781 0.9173514 -0.8020883 20.98245
0:   0.07302608 0.9177523 -0.7990463 21.09344
0:   0.09175983 0.9178178 -0.7945573 21.20394
0:   0.1068007 0.9173307 -0.7898576 21.30398
0:   0.1228173 0.916281 -0.7853194 21.40425
0:   0.1370597 0.9153918 -0.7792822 21.51571
0:   0.1416592 0.9152479 -0.7760616 21.62637
0:   0.1456401 0.9145898 -0.7734103 21.73692
0:   0.1443856 0.9138499 -0.7722973 21.84802
0:   0.1390161 0.913506 -0.7732315 21.94817
0:   0.1279633 0.9130445 -0.7760535 22.05894
0:   0.1150769 0.9132645 -0.7802993 22.15897
0:   0.09715684 0.913852 -0.7843173 22.25931
0:   0.07640155 0.913967 -0.7879323 22.37012
0:   0.05478167 0.913646 -0.7899342 22.47067
0:   0.0289122 0.9136332 -0.7887696 22.58129
0:   0.004525542 0.9141405 -0.7838399 22.68142
0:   -0.0221238 0.9153849 -0.774048 22.79249
0:   -0.04503943 0.9161029 -0.761475 22.89343
0:   -0.06732734 0.915876 -0.7449735 23.00351
0:   -0.08409026 0.9156978 -0.7288896 23.10454
0:   -0.09987669 0.9157263 -0.7098182 23.21478
0:   -0.1104884 0.9153745 -0.6918235 23.3148
0:   -0.1188186 0.9146924 -0.6740794 23.42568
0:   -0.1260438 0.9132022 -0.6581997 23.5261
0:   -0.1320443 0.9117576 -0.6395159 23.63701
0:   -0.1369659 0.9131852 -0.6227927 23.74852
0:   -0.1378833 0.9158031 -0.6088021 23.85967
0:   -0.1368789 0.9184375 -0.5993851 23.97039
0:   -0.1382623 0.9197959 -0.5952109 24.07044
0:   -0.1394198 0.9193451 -0.5930511 24.1706
0:   -0.1415783 0.9188817 -0.5914402 24.28167
0:   -0.1443245 0.9185983 -0.591566 24.38169
0:   -0.1454863 0.91856 -0.5925443 24.4817
0:   -0.146218 0.9191725 -0.5954237 24.58189
0:   -0.1472333 0.9192954 -0.603 24.68203
0:   -0.1472454 0.9186362 -0.6159471 24.79317
0:   -0.1452724 0.9182152 -0.6341054 24.90347
0:   -0.141912 0.9181088 -0.653103 25.00355
0:   -0.1350953 0.918101 -0.6790429 25.11465
0:   -0.1247567 0.9186476 -0.7024648 25.22586
0:   -0.1114679 0.9195321 -0.7221112 25.32598
0:   -0.0931942 0.9208252 -0.7414637 25.43679
0:   -0.07377755 0.9223063 -0.7567778 25.53689
0:   -0.0499974 0.9230524 -0.7712491 25.64786
0:   -0.02653515 0.9219849 -0.7830299 25.748
0:   -0.003762595 0.9206628 -0.7918727 25.84827
0:   0.0170431 0.9207541 -0.7972684 25.94845
0:   0.03869547 0.9213738 -0.7986904 26.05917
0:   0.05971866 0.9211241 -0.7965547 26.17021
0:   0.08367518 0.9204203 -0.7926917 26.28137
0:   0.1072907 0.9201409 -0.7869109 26.39329
0:   0.130211 0.921365 -0.7794288 26.50344
0:   0.1493178 0.9228159 -0.7710772 26.60361
0:   0.166757 0.9233741 -0.7604703 26.70377
0:   0.181723 0.9231642 -0.7469746 26.81573
0:   0.1958757 0.9225868 -0.7309331 26.92579
0:   0.2076073 0.9220121 -0.7156712 27.02696
0:   0.2175961 0.9218516 -0.6993673 27.13739
0:   0.2250338 0.9218512 -0.6853732 27.23746
0:   0.2315605 0.9213189 -0.6690649 27.34792
0:   0.2355433 0.9209573 -0.6559821 27.4489
0:   0.2392732 0.9202043 -0.6434221 27.55907
0:   0.2411377 0.9191816 -0.6323865 27.65926
0:   0.2417148 0.9189185 -0.6251892 27.77061
0:   0.2424381 0.9190499 -0.6199183 27.88135
0:   0.2423225 0.9188405 -0.6169365 27.98137
0:   0.2415403 0.9178649 -0.6177059 28.08142
0:   0.2407747 0.9154458 -0.6241366 28.19284
0:   0.241796 0.9114503 -0.6357975 28.30352
0:   0.2346974 0.9058273 -0.6517859 28.41467
0:   0.2196173 0.8990396 -0.6518057 28.51473
0:   0.1923063 0.8894815 -0.6320826 28.62574
0:   0.1502447 0.8711991 -0.5974042 28.73067
0:   0.1296552 0.8621559 -0.5910277 28.83086
0:   0.1296552 0.8621559 -0.5910277 28.93283
0:   0.1296552 0.8621559 -0.5910277 29.0355
0:   0.1296552 0.8621559 -0.5910277 29.13968
0:   0.1296552 0.8621559 -0.5910277 29.24487
0:   0.1296552 0.8621559 -0.5910277 29.34746
0:   0.1296552 0.8621559 -0.5910277 29.44929
0:   0.1296552 0.8621559 -0.5910277 29.55194
0:   0.1296552 0.8621559 -0.5910277 29.65702
0:   0.1296552 0.8621559 -0.5910277 29.75924
0:   0.1296552 0.8621559 -0.5910277 29.8625
0:   0.1296552 0.8621559 -0.5910277 29.9664
