0:   0.627192 0.9058805 -0.03951277 0
0:   0.6267947 0.9076089 -0.04665066 0.101532
0:   0.6271042 0.9089652 -0.05331854 0.2044525
0:   0.6281908 0.9095307 -0.05817769 0.3058624
0:   0.6295179 0.9099453 -0.06235007 0.4085159
0:   0.6300281 0.9105731 -0.06572693 0.5100632
0:   0.6302127 0.9108002 -0.06839681 0.6133423
0:   0.630276 0.9108782 -0.0707286 0.714119
0:   0.630299 0.9104367 -0.07297478 0.8167114
0:   0.6303071 0.9087489 -0.07609209 0.9200211
0:   0.6307498 0.9059203 -0.07821164 1.02169
0:   0.6311453 0.9032271 -0.07969053 1.122612
0:   0.6312886 0.9010841 -0.08005209 1.225403
0:   0.6313394 0.8993873 -0.07884244 1.328247
0:   0.631357 0.8975868 -0.07685176 1.430901
0:   0.6313632 0.8957614 -0.07500705 1.532188
0:   0.6309441 0.8937637 -0.07303593 1.635521
0:   0.6303551 0.8917613 -0.07102653 1.738396
0:   0.6296574 0.8900949 -0.06873508 1.840393
0:   0.6294068 0.8889437 -0.06578529 1.943314
0:   0.6297944 0.8879938 -0.06338539 2.045982
0:   0.630125 0.8876582 -0.06174974 2.148506
0:   0.6301942 0.8875405 -0.06040576 2.25116
0:   0.6292955 0.8874994 -0.0586249 2.35363
0:   0.6272774 0.8877234 -0.05723787 2.45369
0:   0.6223884 0.8889012 -0.05609506 2.556458
0:   0.6136475 0.8906969 -0.0553702 2.65686
0:   0.6001242 0.8927708 -0.05325925 2.759293
0:   0.582685 0.8945186 -0.04746107 2.862305
0:   0.5632608 0.8962101 -0.03882978 2.962563
0:   0.5403491 0.8985142 -0.02790221 3.066093
0:   0.5197131 0.9002708 -0.01695506 3.16774
0:   0.5002659 0.9009553 -0.006463057 3.27021
0:   0.4823116 0.90007 0.002819575 3.373398
0:   0.4665385 0.8987343 0.01019478 3.477463
0:   0.4541745 0.8974134 0.01468479 3.577759
0:   0.4451974 0.8955862 0.01724763 3.680161
0:   0.4405229 0.8935729 0.01700669 3.781418
0:   0.4398132 0.8923827 0.01341926 3.884773
0:   0.444059 0.891965 0.008016485 3.987686
0:   0.4515675 0.8918196 0.0009875811 4.089035
0:   0.4616811 0.8917687 -0.007215306 4.191513
0:   0.4735242 0.8917508 -0.01602377 4.294785
0:   0.4847571 0.8922101 -0.02433747 4.396126
0:   0.4945016 0.8935195 -0.03175637 4.496574
0:   0.5028414 0.8947454 -0.03801037 4.598038
0:   0.5106732 0.8946947 -0.04128976 4.710159
0:   0.5235509 0.8923144 -0.04535879 4.812622
0:   0.5361185 0.8893786 -0.04670927 4.913963
0:   0.5508044 0.8871152 -0.04679102 5.014397
0:   0.5649259 0.886233 -0.0454386 5.116638
0:   0.5738432 0.8867024 -0.04166873 5.220123
0:   0.5711016 0.8903548 -0.03719721 5.323029
0:   0.5590187 0.8989887 -0.03304713 5.423477
0:   0.5429959 0.9140062 -0.03164817 5.524956
0:   0.5268496 0.9286382 -0.03179416 5.626106
0:   0.5110166 0.940177 -0.02913226 5.727493
0:   0.493848 0.9472924 -0.02415287 5.830765
0:   0.473525 0.9500226 -0.01909373 5.933487
0:   0.4466935 0.9483356 -0.01466953 6.034973
0:   0.4111674 0.9448916 -0.0115042 6.138611
0:   0.3643086 0.9459342 -0.008593233 6.239059
0:   0.3047815 0.9626982 -0.01037571 6.34169
0:   0.2497102 1.001039 -0.01344221 6.442505
0:   0.217863 1.047529 -0.01838755 6.546104
0:   0.2068162 1.084869 -0.02037143 6.649178
0:   0.2045196 1.102545 -0.0220545 6.753036
0:   0.2003176 1.104841 -0.02586041 6.856789
0:   0.1877697 1.096687 -0.0273855 6.960609
0:   0.1659603 1.083368 -0.02862564 7.0625
0:   0.1425238 1.069332 -0.02832312 7.163345
0:   0.1223842 1.054231 -0.03094395 7.265472
0:   0.1081664 1.040813 -0.0345329 7.369026
0:   0.09599721 1.02975 -0.03638258 7.470757
0:   0.08618206 1.024562 -0.03339013 7.571365
0:   0.08460257 1.027201 -0.03285838 7.673439
0:   0.08980709 1.034032 -0.0325636 7.776802
0:   0.09830118 1.04025 -0.03159516 7.878708
0:   0.1056443 1.044368 -0.03082805 7.980148
0:   0.1114997 1.046827 -0.03111438 8.081207
0:   0.1156523 1.04773 -0.03309777 8.183029
0:   0.1222136 1.048051 -0.03740235 8.285751
0:   0.1279503 1.048163 -0.0384724 8.38945
0:   0.1340391 1.048943 -0.04367977 8.491188
0:   0.1412644 1.049981 -0.05274503 8.593102
0:   0.1463135 1.050452 -0.05819217 8.69664
0:   0.1501416 1.049971 -0.05956057 8.797997
0:   0.1525915 1.048413 -0.05971546 8.898499
0:   0.1535098 1.045257 -0.05977156 9.000725
0:   0.1538305 1.04143 -0.06015285 9.100922
0:   0.1532893 1.03784 -0.06048739 9.202972
0:   0.1518752 1.034731 -0.05941288 9.303734
0:   0.1507493 1.032528 -0.05806472 9.40686
0:   0.1498203 1.030305 -0.05651505 9.50692
0:   0.1486244 1.027964 -0.05524798 9.608139
0:   0.1466887 1.025266 -0.05348673 9.710342
0:   0.1437027 1.022109 -0.05170389 9.813202
0:   0.1405997 1.019404 -0.05098618 9.914383
0:   0.1373996 1.017262 -0.0507267 10.01769
0:   0.1345773 1.015773 -0.05045499 10.11856
0:   0.1315655 1.014297 -0.0490848 10.22205
0:   0.1279262 1.012825 -0.04693309 10.32579
0:   0.1246677 1.012187 -0.04618502 10.42828
0:   0.1221423 1.011966 -0.04562553 10.52901
0:   0.12013 1.011806 -0.04442699 10.62971
0:   0.1187152 1.011108 -0.04320091 10.73267
0:   0.1174907 1.010266 -0.04245711 10.83422
0:   0.116205 1.009908 -0.04219814 10.9346
0:   0.1149736 1.009779 -0.04210529 11.03461
0:   0.1144192 1.009732 -0.04207129 11.1387
0:   0.1139098 1.009715 -0.04205947 11.24097
0:   0.1133778 1.00971 -0.04179534 11.34503
0:   0.1131934 1.010522 -0.04129428 11.44749
0:   0.1141507 1.011359 -0.04111943 11.55023
0:   0.1153123 1.011653 -0.04105797 11.65338
0:   0.1160783 1.011547 -0.04103662 11.75494
0:   0.1163486 1.010917 -0.04102908 11.85776
0:   0.1170811 1.010208 -0.04102645 11.95782
0:   0.1190997 1.009456 -0.04170565 12.05796
0:   0.1214917 1.007735 -0.04383326 12.15828
0:   0.1228811 1.003567 -0.04306755 12.26173
0:   0.1235098 0.9975549 -0.03826686 12.36506
0:   0.1198417 0.9893795 -0.03311544 12.466
0:   0.111046 0.9797936 -0.0298068 12.56762
0:   0.1009482 0.9716434 -0.02623916 12.66931
0:   0.08766044 0.9628683 -0.02386436 12.77102
0:   0.07387725 0.9551012 -0.02405846 12.87291
0:   0.05849632 0.9477193 -0.02718651 12.97656
0:   0.04158447 0.9402927 -0.03425329 13.07723
0:   0.0212547 0.9313553 -0.04707075 13.17805
0:   -0.002107718 0.9206675 -0.06607068 13.27879
0:   -0.02803465 0.9070901 -0.09393698 13.38267
0:   -0.05335669 0.8911142 -0.1240772 13.48502
0:   -0.07939994 0.8730909 -0.1518257 13.58843
0:   -0.1063008 0.853407 -0.1752759 13.68897
0:   -0.1330514 0.8341713 -0.1954688 13.78921
0:   -0.161706 0.8144411 -0.2145361 13.89306
0:   -0.1891811 0.7956786 -0.2316769 13.99379
0:   -0.2166096 0.7764017 -0.2480185 14.09613
0:   -0.24536 0.7555726 -0.2616617 14.197
0:   -0.2702183 0.7376451 -0.2741005 14.29903
0:   -0.2899345 0.7222791 -0.2861195 14.3991
0:   -0.3047747 0.7078238 -0.2955312 14.50308
0:   -0.3155452 0.6938666 -0.3008381 14.60309
0:   -0.3233858 0.6813852 -0.3036517 14.70407
0:   -0.3282847 0.672096 -0.3059513 14.80726
0:   -0.330059 0.6660826 -0.3086092 14.90852
0:   -0.3314267 0.6613125 -0.3122986 15.01012
0:   -0.335838 0.6547155 -0.3152922 15.11035
0:   -0.3423942 0.64523 -0.3172315 15.21051
0:   -0.3485912 0.6340183 -0.3193523 15.31226
0:   -0.3536628 0.6248611 -0.3202586 15.41236
0:   -0.3567853 0.6199397 -0.3204131 15.51255
0:   -0.3585586 0.6193399 -0.3189709 15.61732
0:   -0.3587263 0.6254262 -0.3156118 15.7184
0:   -0.3526829 0.6408656 -0.313134 15.82236
0:   -0.3411063 0.6687941 -0.3065142 15.92651
0:   -0.3231164 0.7060009 -0.2952533 16.02884
0:   -0.2968417 0.7507373 -0.2797891 16.13202
0:   -0.2636571 0.7966675 -0.2621878 16.23338
0:   -0.2263145 0.8389366 -0.2427923 16.33607
0:   -0.1860176 0.8760131 -0.2217224 16.43701
0:   -0.1478122 0.9051709 -0.2010141 16.54013
0:   -0.1139007 0.926773 -0.182685 16.64193
0:   -0.08783495 0.9420205 -0.1656409 16.7421
0:   -0.06801707 0.9520965 -0.1494971 16.84644
0:   -0.05129117 0.9576751 -0.1391755 16.94913
0:   -0.03469909 0.9607038 -0.1334404 17.05
0:   -0.01924224 0.9622414 -0.1306294 17.15093
0:   -0.006375309 0.9634263 -0.1286257 17.25282
0:   0.002813204 0.9638452 -0.1278032 17.35305
0:   0.008707142 0.9639968 -0.1275055 17.45482
0:   0.01156674 0.9640498 -0.1285416 17.55574
0:   0.01308908 0.9632725 -0.1310107 17.65588
0:   0.01128161 0.9617385 -0.1340654 17.7577
0:   0.009972609 0.9610083 -0.1372277 17.86001
0:   0.008890621 0.9600977 -0.140317 17.96168
0:   0.007476316 0.9597794 -0.1424821 18.06264
0:   0.005446188 0.959668 -0.144174 18.16319
0:   0.004226385 0.9596273 -0.1448963 18.26524
0:   0.003802781 0.9596131 -0.1451471 18.36526
0:   0.003749482 0.959608 -0.1452378 18.46632
0:   0.004451349 0.9591607 -0.1452707 18.57034
0:   0.003774601 0.9586813 -0.1451892 18.67242
0:   0.003367603 0.9579169 -0.1444694 18.77415
0:   0.003379471 0.9576451 -0.1442134 18.87568
0:   0.003914599 0.9568869 -0.1441218 18.97921
0:   0.004343355 0.9565805 -0.1440905 19.08018
0:   0.004973083 0.956471 -0.1440793 19.1805
0:   0.006518997 0.9556485 -0.1440752 19.2822
0:   0.005946564 0.9544852 -0.1445188 19.38501
0:   0.005896391 0.9539456 -0.1449097 19.48849
0:   0.006691632 0.9547462 -0.1450459 19.59183
0:   0.008652669 0.9558932 -0.1450926 19.69256
0:   0.01386148 0.9576669 -0.1449423 19.7952
0:   0.0206304 0.9592519 -0.1430617 19.89554
0:   0.0262923 0.960488 -0.1403678 19.99846
0:   0.03534236 0.9610069 -0.138446 20.0996
0:   0.04733892 0.9619254 -0.1377364 20.20223
0:   0.0557254 0.9648033 -0.1392707 20.30412
0:   0.06561229 0.972976 -0.1415349 20.40569
0:   0.0808765 0.9822994 -0.1461336 20.50819
0:   0.09877981 0.9885101 -0.1517989 20.61166
0:   0.1097679 0.9886312 -0.1530546 20.71372
0:   0.1157545 0.9846619 -0.1496941 20.81519
0:   0.1192508 0.9804268 -0.1453079 20.91898
0:   0.1218139 0.9771143 -0.1422614 21.01944
0:   0.1240242 0.973016 -0.1409414 21.12225
0:   0.1286422 0.9667883 -0.1429565 21.2238
0:   0.1369236 0.9583673 -0.146183 21.3274
0:   0.1492069 0.9509621 -0.1480546 21.42977
0:   0.1656781 0.9438058 -0.1464813 21.53154
0:   0.1864514 0.9362941 -0.1442646 21.63538
0:   0.2121211 0.9305552 -0.1440504 21.7364
0:   0.2381079 0.9251395 -0.1407374 21.83895
0:   0.2637391 0.9212708 -0.1376426 21.94172
0:   0.2875332 0.918093 -0.13462 22.04449
0:   0.3094997 0.9159238 -0.1360362 22.14551
0:   0.3267754 0.9133105 -0.1406228 22.24585
0:   0.3376508 0.9103235 -0.1508119 22.3467
0:   0.3367802 0.907537 -0.1578688 22.44908
0:   0.3241345 0.9064331 -0.1608926 22.55047
0:   0.3011493 0.9066332 -0.1598917 22.65282
0:   0.2686614 0.907782 -0.1550034 22.7557
0:   0.2279727 0.9080945 -0.146835 22.85624
0:   0.1793446 0.9054561 -0.1370929 22.95895
0:   0.1268635 0.8988068 -0.1279342 23.06241
0:   0.07485879 0.8887201 -0.12026 23.16528
0:   0.02334502 0.8749704 -0.1138254 23.2653
0:   -0.02546657 0.8575689 -0.1079655 23.36774
0:   -0.07155323 0.8361564 -0.1031448 23.47128
0:   -0.1168863 0.8122124 -0.1036063 23.57388
0:   -0.1578733 0.785585 -0.1066471 23.67642
0:   -0.1878004 0.7573113 -0.1077224 23.77865
0:   -0.2071294 0.7315032 -0.1062906 23.88087
0:   -0.2210394 0.7127479 -0.1061122 23.98112
0:   -0.226991 0.7018738 -0.1039228 24.082
0:   -0.2235421 0.6988732 -0.09778828 24.18271
0:   -0.2117086 0.7040803 -0.08861853 24.28422
0:   -0.1952897 0.7168084 -0.08394264 24.38506
0:   -0.1741148 0.7342632 -0.08147599 24.48595
0:   -0.1471555 0.7566093 -0.07815739 24.58814
0:   -0.1135168 0.7845777 -0.07582719 24.69151
0:   -0.07887213 0.8121687 -0.07437521 24.79362
0:   -0.04273516 0.8393222 -0.07386809 24.89485
0:   -0.007413024 0.8643285 -0.07528442 24.99987
0:   0.02578434 0.8861974 -0.08063208 25.10152
0:   0.05547531 0.9041035 -0.08877755 25.20272
0:   0.08116397 0.9194572 -0.0964646 25.30354
0:   0.1016093 0.9355504 -0.1019442 25.40705
0:   0.1204229 0.9574356 -0.1095963 25.51034
0:   0.1382627 0.9830725 -0.1173254 25.61111
0:   0.1588458 1.0087 -0.1293971 25.71323
0:   0.1766014 1.025866 -0.1387188 25.81538
0:   0.189329 1.034109 -0.1432977 25.91952
0:   0.1970746 1.035548 -0.1453246 26.0219
0:   0.2009255 1.032607 -0.1463905 26.1236
0:   0.202311 1.028121 -0.1459782 26.22676
0:   0.2024868 1.024182 -0.1446762 26.32788
0:   0.2022033 1.020723 -0.1432188 26.42958
0:   0.2026213 1.017704 -0.1424174 26.52988
0:   0.2023389 1.013994 -0.141002 26.632
0:   0.1997157 1.010167 -0.1386273 26.73213
0:   0.1953674 1.006783 -0.1359169 26.83521
0:   0.1896478 1.003709 -0.1323095 26.93745
0:   0.1832975 1.000994 -0.1280271 27.04186
0:   0.1771013 0.9984641 -0.1238112 27.1442
0:   0.1712721 0.9963664 -0.1200707 27.2466
0:   0.1660789 0.9947805 -0.1166134 27.34756
0:   0.1618775 0.9939946 -0.1133857 27.44789
0:   0.1581842 0.9928541 -0.1106397 27.54974
0:   0.154933 0.9916864 -0.1084381 27.65047
0:   0.1518228 0.9904521 -0.1067107 27.75294
0:   0.1490465 0.9894205 -0.1052336 27.85454
0:   0.147189 0.9888017 -0.1040854 27.95688
0:   0.1452753 0.9877217 -0.1025464 28.05899
0:   0.1430281 0.9865682 -0.1004946 28.16333
0:   0.1413109 0.9857136 -0.09876279 28.26488
0:   0.1399347 0.9854167 -0.09816112 28.36575
0:   0.1389948 0.9848356 -0.09768094 28.46818
0:   0.1379026 0.9840558 -0.09710287 28.56976
0:   0.1367356 0.9833087 -0.09690204 28.67097
0:   0.135549 0.9822856 -0.09683019 28.77317
0:   0.1344576 0.9811656 -0.09680472 28.87497
0:   0.133196 0.9800243 -0.09679571 28.9763
0:   0.1319359 0.9789104 -0.0967925 29.07793
0:   0.1309166 0.9780319 -0.09615251 29.18047
0:   0.1299605 0.9770462 -0.09538131 29.28196
0:   0.1295339 0.9766981 -0.09493307 29.3821
0:   0.1293778 0.9765707 -0.09476906 29.48478
0:   0.1286545 0.9765268 -0.09471242 29.58614
0:   0.127725 0.9764048 -0.09469212 29.68821
0:   0.1271105 0.9754491 -0.09401584 29.78828
0:   0.1264805 0.9741998 -0.09300231 29.88881
0:   0.1265895 0.9734455 -0.09296823 29.98943
