0:   0.1099547 0.89368 -0.2920842 0.009500504
0:   0.1097463 0.8937316 -0.2924655 0.1204014
0:   0.1103515 0.8939347 -0.2927607 0.2315063
0:   0.1124102 0.8929715 -0.294479 0.3315296
0:   0.1179876 0.8912344 -0.2974918 0.4316635
0:   0.129372 0.888146 -0.3047902 0.5429783
0:   0.139741 0.8814012 -0.3126027 0.6430111
0:   0.1436228 0.8724977 -0.3196032 0.7430363
0:   0.1410865 0.8590573 -0.32293 0.8534813
0:   0.1385457 0.8500125 -0.3303612 0.9536114
0:   0.1394883 0.8462216 -0.3375466 1.053783
0:   0.1387033 0.8434752 -0.3430317 1.165129
0:   0.141993 0.8452163 -0.3497333 1.275629
0:   0.144337 0.8479766 -0.3605348 1.375957
0:   0.1387887 0.844822 -0.3742165 1.486933
0:   0.13373 0.8397722 -0.3854533 1.587137
0:   0.1270842 0.8309879 -0.3858611 1.698509
0:   0.1193153 0.8311832 -0.3927591 1.809301
0:   0.09731843 0.8298224 -0.3868046 1.909346
0:   0.0722474 0.8398037 -0.366247 2.009613
0:   0.05244196 0.8633445 -0.3593487 2.109615
0:   0.04557269 0.8885224 -0.3649381 2.22081
0:   0.05289415 0.8953881 -0.3789299 2.320868
0:   0.07445369 0.8899873 -0.4081885 2.431959
0:   0.1074302 0.8887022 -0.4562792 2.532034
0:   0.1108362 0.8781524 -0.4644253 2.643377
0:   0.1095849 0.8728732 -0.4627034 2.754314
0:   0.1013998 0.871361 -0.4525549 2.862934
0:   0.0902903 0.8751872 -0.4431823 2.965498
0:   0.07674648 0.8806494 -0.436041 3.065598
0:   0.05452717 0.8894787 -0.431994 3.173512
0:   0.02857095 0.9024024 -0.4279899 3.276833
0:   0.0005298778 0.9191248 -0.4206909 3.387741
0:   -0.03703751 0.9377347 -0.4123856 3.499329
0:   -0.07698812 0.9640383 -0.3962494 3.610224
0:   -0.1128041 0.9845395 -0.4020911 3.721216
0:   -0.152069 0.9911281 -0.4035549 3.821428
0:   -0.192721 0.9917566 -0.4023697 3.921644
0:   -0.2189653 0.9913031 -0.3960567 4.032509
0:   -0.2300605 0.9925655 -0.3905896 4.151497
0:   -0.2438038 0.9989511 -0.3899242 4.262486
0:   -0.2560662 1.005512 -0.3859061 4.366465
0:   -0.2698461 1.010339 -0.3870258 4.477158
0:   -0.2781414 1.014236 -0.3850246 4.588537
0:   -0.2887893 1.014722 -0.3869604 4.692127
0:   -0.2957795 1.013395 -0.3890837 4.79982
0:   -0.3063531 1.00936 -0.3968446 4.909842
0:   -0.3271206 1.004382 -0.3785409 5.020834
0:   -0.354527 1.037273 -0.3489938 5.132015
0:   -0.3718051 1.092131 -0.3525537 5.242867
0:   -0.371212 1.122929 -0.3738162 5.349388
0:   -0.376012 1.134578 -0.3799443 5.453651
0:   -0.3893569 1.143011 -0.3833047 5.553658
0:   -0.3894727 1.148349 -0.3913335 5.661102
0:   -0.3861097 1.148986 -0.4004319 5.764891
0:   -0.3824472 1.146929 -0.4051163 5.865129
0:   -0.3800289 1.144032 -0.409565 5.973017
0:   -0.3769903 1.13961 -0.4093291 6.076115
0:   -0.3769148 1.130915 -0.4085759 6.17634
0:   -0.3824278 1.11755 -0.4065844 6.28344
0:   -0.3801967 1.10635 -0.3986812 6.387375
0:   -0.37411 1.09523 -0.3955081 6.498636
0:   -0.3726317 1.082632 -0.394072 6.609774
0:   -0.3793225 1.067566 -0.3943433 6.709875
0:   -0.3819019 1.057488 -0.3894952 6.820667
0:   -0.3808462 1.051755 -0.3896801 6.93161
0:   -0.3757849 1.04964 -0.3907125 7.043152
0:   -0.3704528 1.046737 -0.3948646 7.153406
0:   -0.3673521 1.044822 -0.3984851 7.264292
0:   -0.3658188 1.044476 -0.4010424 7.370676
0:   -0.3653415 1.044521 -0.404377 7.475552
0:   -0.3661917 1.044341 -0.4054334 7.586142
0:   -0.3684762 1.04459 -0.4055687 7.688047
0:   -0.3719282 1.044829 -0.4053839 7.797054
0:   -0.3746803 1.044812 -0.4044126 7.897186
0:   -0.3770361 1.044647 -0.4026201 8.00852
0:   -0.378628 1.044224 -0.4007036 8.119616
0:   -0.3791566 1.043827 -0.3992755 8.230705
0:   -0.3789656 1.043831 -0.3986387 8.341656
0:   -0.378571 1.04394 -0.3991338 8.44174
0:   -0.3782747 1.043799 -0.3998812 8.541882
0:   -0.3778237 1.043645 -0.4006525 8.652863
0:   -0.3769327 1.04389 -0.4013299 8.753084
0:   -0.375885 1.044117 -0.4022169 8.864302
0:   -0.3752176 1.044084 -0.4027596 8.975349
0:   -0.3753257 1.043915 -0.4030675 9.08404
0:   -0.3757376 1.043839 -0.403394 9.186193
0:   -0.3761203 1.043817 -0.4040003 9.286514
0:   -0.3761714 1.04374 -0.4046727 9.394075
0:   -0.3764715 1.043485 -0.4053896 9.497459
0:   -0.3762951 1.043413 -0.4061056 9.608406
0:   -0.3768669 1.043332 -0.4062296 9.719757
0:   -0.3743704 1.045305 -0.4058729 9.831017
0:   -0.3744218 1.046134 -0.4098533 9.942261
0:   -0.3729021 1.046298 -0.410764 10.05312
0:   -0.3713969 1.047222 -0.4109549 10.15347
0:   -0.3646758 1.048319 -0.4090052 10.26416
0:   -0.36342 1.048397 -0.406212 10.36419
0:   -0.3674353 1.054868 -0.3959785 10.46453
0:   -0.3721793 1.079032 -0.3845339 10.57527
0:   -0.3714463 1.111543 -0.3836524 10.67545
0:   -0.3567866 1.136184 -0.3977398 10.79447
0:   -0.3412499 1.14339 -0.4060673 10.89786
0:   -0.3340549 1.144616 -0.4070492 11.00853
0:   -0.3348122 1.144855 -0.4086218 11.11981
0:   -0.3350785 1.146356 -0.4122382 11.23063
0:   -0.3347899 1.146354 -0.4157704 11.33114
0:   -0.3354042 1.145235 -0.4191804 11.44207
0:   -0.3387844 1.14346 -0.4243998 11.55382
0:   -0.3390036 1.144146 -0.4238538 11.66459
0:   -0.3386963 1.143678 -0.4252094 11.77535
0:   -0.3397326 1.142349 -0.4272578 11.88252
0:   -0.3405434 1.142173 -0.427729 11.98658
0:   -0.3407669 1.141512 -0.4287066 12.09749
0:   -0.341146 1.141026 -0.428899 12.20892
0:   -0.3415168 1.140822 -0.4285918 12.30915
0:   -0.3411828 1.14089 -0.4275352 12.42033
0:   -0.3406145 1.140625 -0.4275662 12.53129
0:   -0.3404347 1.140441 -0.4275989 12.63146
0:   -0.3394497 1.140664 -0.4271567 12.74245
0:   -0.3385473 1.14063 -0.4268463 12.8425
0:   -0.3383347 1.140375 -0.4270071 12.94271
0:   -0.3382 1.143421 -0.424812 13.05374
0:   -0.3382747 1.14629 -0.4247494 13.15385
0:   -0.3357217 1.148817 -0.4252062 13.25386
0:   -0.3332524 1.149375 -0.4266504 13.36521
0:   -0.3311531 1.149277 -0.4272991 13.47633
0:   -0.3305155 1.148748 -0.4289929 13.57651
0:   -0.3298139 1.148382 -0.4301935 13.68745
0:   -0.3292572 1.14771 -0.4313231 13.78746
0:   -0.3297735 1.147191 -0.4323051 13.88814
0:   -0.3304881 1.147305 -0.4321424 13.99836
0:   -0.330582 1.148981 -0.4278483 14.09862
0:   -0.3317584 1.148199 -0.4287037 14.19917
0:   -0.3334237 1.147158 -0.4279157 14.30991
0:   -0.3336014 1.145696 -0.4251906 14.42083
0:   -0.3320525 1.144813 -0.4227478 14.52828
0:   -0.3285855 1.144365 -0.4205864 14.63228
0:   -0.3246054 1.144085 -0.4191232 14.74327
0:   -0.3219487 1.14375 -0.418762 14.85471
0:   -0.3210841 1.142511 -0.4198145 14.9656
0:   -0.3211414 1.140634 -0.4210074 15.06728
0:   -0.3222769 1.139418 -0.4212339 15.17078
0:   -0.3234428 1.13562 -0.421954 15.27185
0:   -0.3216358 1.125088 -0.4259131 15.37378
0:   -0.322409 1.112844 -0.4287764 15.47425
0:   -0.3225636 1.094907 -0.4316591 15.57454
0:   -0.3208456 1.078243 -0.4343157 15.67465
0:   -0.3290185 1.064016 -0.4338745 15.78591
0:   -0.329825 1.052147 -0.4367495 15.88602
0:   -0.3302067 1.043708 -0.4394535 15.9969
0:   -0.3319438 1.037013 -0.4401844 16.09716
0:   -0.3359369 1.030735 -0.4397781 16.2082
0:   -0.3404397 1.027003 -0.4398445 16.3083
0:   -0.3445026 1.024964 -0.4401354 16.4088
0:   -0.3514277 1.022699 -0.440362 16.52002
0:   -0.3577635 1.02044 -0.4424931 16.6307
0:   -0.3634979 1.018672 -0.4440822 16.7309
0:   -0.3694168 1.016967 -0.446683 16.83106
0:   -0.3737715 1.015752 -0.4491534 16.93111
0:   -0.3776397 1.014589 -0.4510188 17.05146
0:   -0.3905169 1.011572 -0.4547425 17.16112
0:   -0.4074335 1.009867 -0.4594997 17.26171
0:   -0.4189442 1.012142 -0.4593137 17.37322
0:   -0.4200633 1.015286 -0.4617907 17.48442
0:   -0.419166 1.015898 -0.4611486 17.58462
0:   -0.4191661 1.014673 -0.460242 17.68468
0:   -0.4211669 1.013159 -0.4579885 17.78512
0:   -0.4225738 1.012237 -0.4565789 17.88513
0:   -0.4243066 1.011459 -0.455007 17.99657
0:   -0.4264235 1.010718 -0.4539796 18.10763
0:   -0.4276454 1.010407 -0.453412 18.21891
0:   -0.4268854 1.010157 -0.4537151 18.32951
0:   -0.4276293 1.009413 -0.4537676 18.43012
0:   -0.4277099 1.008839 -0.4537581 18.54079
0:   -0.4280142 1.008543 -0.4533277 18.64108
0:   -0.4286953 1.007929 -0.4531251 18.74137
0:   -0.4287739 1.007211 -0.4531981 18.85147
0:   -0.4292639 1.006241 -0.4536158 18.96257
0:   -0.4301104 1.005333 -0.4536308 19.06981
0:   -0.4308054 1.004742 -0.4537452 19.17368
0:   -0.4310586 1.004492 -0.4535515 19.27393
0:   -0.4307954 1.004226 -0.4532902 19.3812
0:   -0.4305602 1.004047 -0.45261 19.48515
0:   -0.4302979 1.004037 -0.4522461 19.59639
0:   -0.4300188 1.00414 -0.4518865 19.70758
0:   -0.4297554 1.004165 -0.4511995 19.81886
0:   -0.4298317 1.004249 -0.4505087 19.92963
0:   -0.4227365 1.005827 -0.4494431 20.02975
0:   -0.418928 1.00771 -0.447964 20.13055
0:   -0.4166131 1.009876 -0.4469417 20.24069
0:   -0.4163076 1.010671 -0.4469675 20.35096
0:   -0.4170707 1.010387 -0.4462688 20.45151
0:   -0.417396 1.010066 -0.4458076 20.56229
0:   -0.4176609 1.009807 -0.4453788 20.6732
0:   -0.41782 1.009331 -0.4449938 20.78101
0:   -0.417803 1.008719 -0.4449743 20.88467
0:   -0.4179881 1.008133 -0.4448241 20.99575
0:   -0.4177084 1.007801 -0.4448881 21.10692
0:   -0.417409 1.007504 -0.444542 21.20713
0:   -0.4170444 1.007197 -0.4442808 21.31844
0:   -0.4167018 1.006769 -0.4439207 21.4293
0:   -0.4161662 1.006236 -0.4444332 21.52945
0:   -0.4160416 1.00594 -0.4441687 21.6408
0:   -0.4148517 1.005818 -0.4441904 21.75215
0:   -0.4148033 1.005206 -0.4432528 21.85235
0:   -0.4137236 1.004204 -0.4418647 21.9628
0:   -0.4148809 1.002519 -0.4409017 22.06322
0:   -0.4149448 1.000973 -0.4411766 22.16453
0:   -0.4152859 0.9996184 -0.4412155 22.27425
0:   -0.4157116 0.9985098 -0.4397794 22.37482
0:   -0.4163214 0.9972491 -0.4390338 22.47494
0:   -0.4179032 0.9958824 -0.4395821 22.58585
0:   -0.4184711 0.9953271 -0.4409466 22.68594
0:   -0.418512 0.9948496 -0.4436427 22.78641
0:   -0.4182707 0.994301 -0.4478241 22.89686
0:   -0.4172384 0.9946454 -0.453509 22.99709
0:   -0.4180557 0.9951077 -0.4543928 23.09766
0:   -0.4193635 0.9949343 -0.4537837 23.20806
0:   -0.421021 0.9944242 -0.4525877 23.30848
0:   -0.4235032 0.9937425 -0.4513316 23.40887
0:   -0.4245213 0.9939457 -0.450052 23.51967
0:   -0.4255106 0.9938015 -0.4486925 23.63039
0:   -0.4279901 0.9928843 -0.4461804 23.73884
0:   -0.432082 0.9916047 -0.4421963 23.84201
0:   -0.4392949 0.9911305 -0.4374862 23.94219
0:   -0.443222 0.9920124 -0.4381524 24.04902
0:   -0.4471516 0.9928479 -0.4383488 24.1532
0:   -0.4497151 0.9934421 -0.4399581 24.26408
0:   -0.4465016 0.9948119 -0.4447399 24.3753
0:   -0.4419418 0.9964738 -0.4500155 24.48644
0:   -0.4351956 0.9979728 -0.4559996 24.59663
0:   -0.4278984 0.9984952 -0.4639244 24.70729
0:   -0.4216788 0.9993507 -0.4736351 24.80812
0:   -0.413978 1.001221 -0.4807644 24.9183
0:   -0.4076705 1.001472 -0.4887691 25.02904
0:   -0.4036065 1.001174 -0.4977974 25.13683
0:   -0.4011146 1.001687 -0.506551 25.24027
0:   -0.3994745 1.003046 -0.5132629 25.34032
0:   -0.3969273 1.005029 -0.5188564 25.44786
0:   -0.3947632 1.006732 -0.5222924 25.55151
0:   -0.3936747 1.007657 -0.5242776 25.66242
0:   -0.3923278 1.008191 -0.5257679 25.77357
0:   -0.3928318 1.008547 -0.5278284 25.87399
0:   -0.392191 1.009401 -0.5288348 25.9847
0:   -0.3925394 1.010208 -0.5297518 26.08493
0:   -0.3921786 1.011429 -0.5303519 26.1957
0:   -0.3916683 1.012151 -0.5306702 26.29573
0:   -0.3900395 1.012911 -0.5300092 26.40658
0:   -0.3871584 1.012523 -0.529417 26.50694
0:   -0.3848904 1.011747 -0.5288289 26.60704
0:   -0.379863 1.010895 -0.5260277 26.71794
0:   -0.3780311 1.008911 -0.524363 26.81818
0:   -0.3738692 1.008428 -0.5256311 26.91838
0:   -0.3700572 1.007913 -0.5277736 27.01847
0:   -0.3691336 1.005531 -0.5296233 27.11864
0:   -0.3704087 1.003778 -0.5303636 27.22963
0:   -0.3711278 1.002983 -0.5303434 27.32967
0:   -0.3709633 1.001678 -0.5303701 27.44063
0:   -0.3707344 1.000221 -0.5321564 27.54078
0:   -0.3685849 0.9986988 -0.5337886 27.64079
0:   -0.366974 0.9961952 -0.5330214 27.74081
0:   -0.3640571 0.9941328 -0.5304277 27.84082
0:   -0.3592669 0.9920056 -0.5280357 27.95238
0:   -0.3506716 0.9896619 -0.5260891 28.06356
0:   -0.3415779 0.9880753 -0.5239763 28.16361
0:   -0.334437 0.9871391 -0.5197756 28.2744
0:   -0.3229699 0.9879998 -0.5176098 28.37448
0:   -0.3062207 0.9886478 -0.5173951 28.48544
0:   -0.2899743 0.9892718 -0.5166323 28.58564
0:   -0.2702905 0.9896399 -0.5181212 28.6859
0:   -0.2468206 0.9890354 -0.5256111 28.79672
0:   -0.2139954 0.9898218 -0.53766 28.90796
0:   -0.1850917 0.9891481 -0.5480848 29.00809
0:   -0.1649996 0.984897 -0.553647 29.10822
0:   -0.1459319 0.9768783 -0.5472814 29.21922
0:   -0.1329783 0.9554263 -0.5108221 29.33332
0:   -0.132327 0.9472293 -0.4993259 29.4375
0:   -0.132327 0.9472293 -0.4993259 29.54159
0:   -0.132327 0.9472293 -0.4993259 29.64713
0:   -0.132327 0.9472293 -0.4993259 29.74872
0:   -0.132327 0.9472293 -0.4993259 29.84949
0:   -0.132327 0.9472293 -0.4993259 29.94963
